00 61 73 6d 01 00 00 00

01 0c 02
  60 04 7f 7f 7f 7f 01 7f
  60 00 00
02 44 02
  16 77 61 73 69 5f 73 6e 61 70 73 68 6f 74 5f 70 72 65 76 69 65 77 31
  08 66 64 5f 77 72 69 74 65
  00 00
  16 77 61 73 69 5f 73 6e 61 70 73 68 6f 74 5f 70 72 65 76 69 65 77 31
  07 66 64 5f 72 65 61 64
  00 00

03 02 01 01

05 03 01 00 01

07 0a 01 06 6d 65 6d 6f 72 79 02 00

08 01 02

0a b8 01 01
b5 01 01
  06 7f
41 00
41 00
41 01
41 04
10 01
1a
41 04
28 02 00
21 00
41 00
41 00
41 00
21 01
21 04
21 05
03 40
  41 08
  20 01
  6a
  21 02
  41 00
  20 02
  36 02 00
  41 04
  41 01
  36 02 00
  20 02
  2d 00 00
  21 03
  20 03
  41 30 4f
  20 03
  41 39
  4d
  71
  20 03
  41 e1 00
  4f
  20 03
  41 e6 00
  4d
  71
  72
  04 40
    20 04
    41 01
    6a
    21 04
    20 05
    41 04
    74
    21 05
    20 03
    41 c0 00
    4b
    04 40
      20 03
      41 d7 00
      6b
      20 05
      6a
      21 05
    05
      20 03
      41 30
      6b
      20 05
      6a
      21 05
    0b
    20 04
    41 02
    70
    41 00
    46
    04 40
      20 02
      20 05
      3a 00 00
      41 01
      41 00
      41 01
      41 00
      10 00
      1a
    0b
  0b
  20 01
  41 01
  6a
  21 01
  20 01
  20 00
  4d
  0d 00
0b
0b

0b 0e 01 00 41 00 0b 08 08 00 00 00 ff ff ff ff
